     R   I  C   T   X   L  D   E   A  S
0                                     1
1                                      
2                                      
3                                      
4                                      
5                                      
6           7              8           
7                                      
8       11                             
9                      13              
10                                     
11                                     
12                                     
13                                     
14                                     
15                 19         18  20   
16                                     
17                                     
18                                     
19  25                                 
20                                     
21                                     
22                                     
23                                     
24                                     
25                 29             30   
26                                     
27                                     
28             34                      
29                                     
30                                     
31                                     
32                                     
33                                     
34                                     
35                                     
36                                     
37                                     
38                                     
39                                     
40                 19         42  20   
41                                     
42                                     
43                                     
44                                     
45             46                      
46                                     
47                                     
48                                     
49                 19         50  20   
50                                     
51                                     
52             53                      
53                                     
54                                     